image_00000 229 184 240 198
image_00001 229 183 241 200
image_00002 225 181 242 200
image_00003 227 182 241 199
image_00004 225 181 242 199
image_00005 224 177 244 201
image_00006 225 175 246 201
image_00007 223 176 248 201
image_00008 225 176 248 199
image_00009 224 175 248 200
image_00010 222 174 248 202
image_00011 226 175 250 201
image_00012 224 173 250 204
image_00013 224 175 250 204
image_00014 222 170 253 204
image_00015 225 170 255 204
image_00016 221 168 258 204
image_00017 218 163 259 207
image_00018 217 165 259 205
image_00019 218 165 263 206
image_00020 219 164 261 204
image_00021 221 165 262 205
image_00022 222 167 264 206
image_00023 221 163 261 205
image_00024 222 164 262 206
image_00025 222 167 263 204
image_00026 219 165 264 205
image_00027 222 166 263 207
image_00028 231 171 264 204
image_00029 231 163 261 206
image_00030 230 158 262 204
image_00031 235 166 263 202
image_00032 236 165 267 208
image_00033 235 163 266 207
image_00034 238 166 264 207
image_00035 238 164 264 206
image_00036 242 166 265 203
image_00037 241 165 269 204
image_00038 238 163 264 203
image_00039 241 163 270 204
image_00040 237 166 269 198
image_00041 238 168 273 198
image_00042 241 168 272 192
image_00043 240 158 272 191
image_00044 243 163 272 191
image_00045 245 163 272 189
image_00046 247 161 272 188
image_00047 248 156 271 185
image_00048 250 163 271 187
image_00049 246 163 271 184
image_00050 250 161 269 184
image_00051 254 161 270 183
image_00052 253 161 270 184
image_00053 253 158 271 184
image_00054 249 159 272 183
image_00055 250 160 272 182
image_00056 251 163 271 182
image_00057 251 159 270 179
image_00058 253 161 269 178
image_00059 253 160 270 178
image_00060 255 162 273 180
image_00061 253 160 269 176
image_00062 253 164 268 176
image_00063 253 161 266 176
